transaction.cpp,transaction.cpp,4,172,3
main.cpp,main.cpp,24,560,14
main.cpp,main.cpp,24,1512,20
main.cpp,main.cpp,24,244,15
main.cpp,main.cpp,24,488,15
main.cpp,main.cpp,24,1788,15
main.cpp,main.cpp,24,784,15
main.cpp,main.cpp,24,28,14
stdafx.cpp,stdafx.cpp,4,1416,3
stdafx.cpp,stdafx.cpp,4,1416,3
util.cpp,util.cpp,20,20,7
blockchain.cpp,blockchain.cpp,2716,56,9
util.cpp,util.cpp,584,20,8
transaction_tests.cpp,transaction_tests.cpp,128,356,31
wallet.cpp,wallet.cpp,424,4,3
